2 3
3 2
3 3
4 1
4 2
4 3
4 4
4 5
4 6
4 7
4 8
4 9
4 10
5 2
5 3
6 3 //fine prima parola
10 1
10 2
10 3
10 4
11 1
11 5
12 1
12 5
13 1
13 2
13 3
13 4
14 1
10 7
11 7
12 7
13 7
14 7
12 9
13 9
11 10
11 11
11 12
12 9
12 12
13 9
13 12
14 10
14 11
14 12
14 13
11 15
11 19
12 15
12 19
13 16
13 17
13 18
13 19
14 19
15 17
15 18 //
11 22
11 23
12 21
12 23
12 24
13 21
13 22
14 22
14 23   //e
11 26
11 28
12 26
12 27
13 26
14 26   //r
11 31
11 32
11 33
12 30
12 31
13 32
13 33
14 30
14 31
14 32// fine seconda parola
18 1
19 1
20 1
21 1
22 1
22 2
22 3
22 4 //L
19 7
19 8
20 6
20 9
21 6
21 9
22 7
22 8 //o
19 12
19 13
19 14
20 11
20 14
21 11
21 14
22 12
22 13
22 14
22 15 //a
18 20
19 18
19 19 
19 20
20 17
20 20
21 17
21 20
22 18
22 19
22 20 // fine terza parola
26 1
26 2
26 3
27 1
27 4
28 1
28 4
29 1
29 2
29 3
30 1
30 4 //R
28 6
28 9
29 6
29 9
30 7
30 8
30 9 //u
26 11
27 11
28 11
29 11
30 11 //l
27 14
27 15
28 13
28 15
28 16
29 13
29 14
30 14
30 15 //e
27 19
27 20
27 21
28 18
28 19
29 20
29 21
30 18
30 19
30 20 //s fine quarta parola
34 1
34 5
35 1
35 3
35 5
36 1
36 3 
36 5
37 1 
37 3 
37 5
38 2
38 4 //w
35 8
35 9
35 10
36 7
36 10
37 7
37 10
38 8
38 9
38 10
38 11 //a
34 13
35 13
36 13
37 13
38 13 //l
34 15
35 15
36 15
37 15
38 15 //l
35 18
35 19
35 20
36 17
36 18
37 19
37 20
38 17
38 18
38 19 //s fine quarta parola  
42 2
42 3
42 4
43 1
44 2
44 3
45 4
46 1
46 2
46 3 //S
43 6
43 7
43 8
44 6 
44 9
45 6
45 9
46 6
46 7
46 8
47 6 //p
43 12
43 13
44 11
44 13
44 14
45 11
45 12
46 12
46 13 //e
43 17
43 18
44 16
44 18
44 19
45 16
45 17
46 17
46 18 //e
42 24
43 22
43 23
43 24
44 21
44 24
45 21
45 24
46 22
46 23
46 24 //d fine sesta parola
50 2
50 3
50 4
51 1
52 1
52 3
52 4
53 1
53 4
54 2
54 3
54 4 //G
51 6
52 6
53 6
54 6
52 7
51 8 //r
51 11
51 12
52 10
52 13
53 10
53 13
54 11
54 12 //o
51 15
51 17
51 19
52 15
52 17
52 19
53 16
53 18
54 16
54 18 //w fine settima parola
58 1
58 2
58 3
58 4
59 1
60 1
60 2
60 3
61 1
62 1 //F
59 7
59 8
60 6
60 9
61 6
61 9
62 7
62 8 //o
59 12
59 13
60 11
60 14
61 11
61 14
62 12
62 13 //o
58 19
59 17
59 18
59 19
60 16
60 19
61 16
61 19
62 17
62 18
62 19 // d fine ottava parola
66 2
66 3
66 4
67 1
68 2
68 3
69 4
70 1
70 2
70 3 //S
66 6
67 6
68 6 
69 6
70 6
67 9
68 8
69 7
69 8
70 9 //k
66 11
68 11
69 11
70 11 //i
67 13
67 14
67 15
68 13
68 16
69 13
69 16
70 13
70 16 //n fine 9 parola
74 2
74 3
74 4
75 1
76 2
76 3
77 4
78 1
78 2
78 3 //S
75 7
75 8
76 6
76 9
77 6
77 9
78 7
78 8
78 9
78 10 //a
75 12
75 15
76 12
76 15
77 12
77 14
78 13 //v
75 18
75 19
76 17
76 19
76 20
77 17
77 18
78 18
78 19 //e 


