2 3
3 2
3 3
4 1
4 2
4 3
4 4
4 5
4 6
4 7
4 8
4 9
4 10
5 2
5 3
6 3 //fine prima parola
10 1
10 2
10 3
10 27
11 1
11 4
11 7
11 8
11 11 
11 12
11 13
11 16
11 17
11 20
11 22
11 25
11 26
11 27
12 1
12 4
12 6
12 8
12 9
12 11
12 18
12 20
12 21
12 24
12 27
13 1
13 2
13 3
13 6
13 7
13 11
13 15
13 18
13 20
13 24
13 27
14 1
14 4
14 7
14 8
14 11
14 12
14 13
14 16
14 17
14 20
14 25 
14 26
14 27 //
18 1
18 2
18 3
18 5
19 1
19 5
19 8
19 9
19 13
19 14
19 15
19 18
19 20
20 1
20 5
20 7
20 9
20 10
20 12
20 15
20 18
20 19
21 1
21 5
21 7
21 8
21 12
21 15
21 18
22 1
22 2
22 3
22 5
22 8
22 9
22 13
22 14
22 15
22 16
22 18