1 18
1 19
2 17
2 20
2 21
2 22
2 23
3 16
3 19
3 24
4 15
4 25
5 15
5 25
6 15
6 24
7 15
7 23
8 16
8 22
9 16
9 22
10 16 
10 22
11 16
11 23
12 16
12 23
13 17
13 23
14 17
14 24
15 17
15 24
16 18
16 24
17 24
18 24
17 18
18 18
18 6
18 7 
18 8 
18 9
18 10
18 11
19 3
19 4
19 5
19 12
19 13
19 14
19 15
19 16
19 19
19 25
20 2
20 17
20 18
20 19
20 25
21 1
21 19
21 25
21 26
21 27
21 28
21 29
22 1
22 7
22 19
22 25
23 25
22 29
22 30
23 1
23 8
23 9 
23 10
23 11
23 12
23 13
23 14
23 19
23 31
24 2
24 15
24 16
24 17
24 18
24 25
24 32
24 33
25 3
25 25
25 26
25 27
25 34
26 4
26 5
26 6
26 7
26 25
26 28
26 29
26 30
26 31 
26 32
26 33
26 34
26 35
26 36
27 8
27 9
27 10
27 11
27 12
27 24
28 13
28 14
28 15
28 16
28 17
28 18
28 19
28 20
28 21
28 22
28 23 //iniziomerda
