2 2
2 3
2 4
3 1
4 2
4 3
5 4
6 1
6 2
6 3
2 6
2 7
2 8
3 7
4 7
5 7
6 7 
2 11
2 12
3 10
3 13
4 10
4 13
5 10
5 11
5 12
5 13
6 10
6 13
2 15
2 16
2 17
3 15
3 18
4 15
4 18
5 15
5 16
5 17
6 15
6 18
2 20
2 21
2 22
3 21
4 21
5 21
6 21
10 2
10 3
11 1
11 4
12 1
12 4
13 1 
13 4
14 2
14 3
11 6
11 7
11 8
12 6
12 9
13 6
13 9
14 6
14 7
14 8
15 6
10 12
11 11
11 12
11 13
12 12
13 12
14 12
14 13
10 15
12 15
13 15
14 15
11 18
11 19
12 17
12 20
13 17
13 20
14 18
14 19
11 22
11 23
11 24
12 22
12 25
13 22
13 25
14 22
14 25
11 28
11 29
11 30
12 27
12 28
13 29
13 30
14 27
14 28
14 29
18 1
18 2
18 3
18 27
19 1
19 4 
19 7
19 8
19 11
19 12
19 13
19 16
19 17
19 20
19 22
19 25
19 26
19 27
20 1
20 4
20 6
20 8
20 9
20 11
20 15
20 18
20 20
20 21
20 24
20 27
21 1
21 2
21 3
21 6
21 7 
21 11
21 15
21 18
21 20
21 24
21 27
22 1
22 4
22 7
22 8
22 11
22 12
22 13
22 16
22 17
22 20
22 25
22 26 
22 27
26 1
26 5
26 17
27 1
27 2
27 4
27 5
27 13
27 14
27 15
28 1 
28 3
28 5
28 7
28 10
28 12
28 13
28 17
28 19
28 20
28 21
28 23
29 1
29 5
29 7
29 10
29 14
29 15
29 17
29 19
30 1
30 5
30 8
30 9
30 10
30 12
30 13
30 14
30 17
30 19
30 20
30 21
30 23 